1       21
2       33
3       55
4       77
5       99
6       127
7       21,33
8       21,55
9       21,77
10      21,99
11      21,127
12      33,55
13      33,77
14      33,99
15      33,127
16      55,77
17      55,99
18      55,127
19      77,99
20      77,127
21      99,127
22      21,33,55
23      21,33,77
24      21,33,99
25      21,33,127
26      21,55,77
27      21,55,99
28      21,55,127
29      21,77,99
30      21,77,127
31      21,99,127
32      33,55,77
33      33,55,99
34      33,55,127
35      33,77,99
36      33,77,127
37      33,99,127
38      55,77,99
39      55,77,127
40      55,99,127
41      77,99,127
42      21,33,55,77
43      21,33,55,99
44      21,33,55,127
45      21,33,77,99
46      21,33,77,127
47      21,33,99,127
48      21,55,77,99
49      21,55,77,127
50      21,55,99,127
51      21,77,99,127
52      33,55,77,99
53      33,55,77,127
54      33,55,99,127
55      33,77,99,127
56      55,77,99,127
57      21,33,55,77,99
58      21,33,55,77,127
59      21,33,55,99,127
60      21,33,77,99,127
61      21,55,77,99,127
62      33,55,77,99,127
63      21,33,55,77,99,127
